1 0 200 22 104
2 102 200 22 98
3 204 200 22 97
4 304 200 22 98
5 405 200 22 95
6 505 200 22 99
7 607 200 22 97
8 709 200 22 95
9 810 200 22 97
10 910 200 22 96
11 1010 200 22 96
12 1110 200 22 95
13 1210 200 22 94
14 1310 200 22 93
15 1412 200 22 93
16 1512 200 22 93
17 1612 200 22 94
18 1714 200 22 98
19 1814 200 22 94
20 1916 200 22 95
21 2018 200 22 93
22 2118 200 22 95
23 2220 200 22 94
24 2320 200 22 94
25 2422 200 22 93
26 2523 200 22 92
27 2623 200 22 92
28 2723 200 22 93
29 2825 200 22 93
30 2927 200 22 92
31 3027 200 22 92
32 3129 200 22 92
33 3229 200 22 92
34 3329 200 22 93
35 3431 200 22 93
36 3532 200 22 92
37 3633 200 22 93
38 3733 200 22 93
39 3835 200 22 93
40 3935 200 22 93
41 4037 200 22 92
42 4137 200 22 92
43 4237 200 22 93
44 4339 200 22 92
45 4440 200 22 92
46 4540 200 22 92
47 4640 200 22 92
48 4742 200 22 91
49 4843 200 22 91
50 4943 200 22 92
51 5045 200 22 91
52 5146 200 22 91
53 5246 200 22 92
54 5346 200 22 92
55 5447 200 22 91
56 5548 200 22 92
57 5649 200 22 92
58 5749 200 22 93
59 5850 200 22 92
60 5950 200 22 93
61 6052 200 22 93
62 6154 200 22 94
63 6254 200 22 95
64 6354 200 22 95
65 6456 200 22 95
66 6558 200 22 93
67 6658 200 22 93
68 6760 200 22 93
69 6862 200 22 94
70 6962 200 22 92
71 7063 200 22 92
72 7163 200 22 92
73 7263 200 22 93
74 7365 200 22 93
75 7465 200 22 96
76 7566 200 22 97
77 7666 200 22 102
78 7766 200 22 98
79 7867 200 22 98
80 7968 200 22 98
81 8069 200 22 101
82 8173 200 22 97
83 8274 200 22 99
84 8374 200 22 98
85 8475 200 22 97
86 8576 200 22 96
87 8676 200 22 98
88 8776 200 22 97
89 8876 200 22 94
90 8978 200 22 93
91 9080 200 22 93
92 9181 200 22 93
93 9281 200 22 94
94 9381 200 22 94
95 9482 200 22 93
96 9582 200 22 94
97 9683 200 22 93
98 9784 200 22 92
99 9886 200 22 92
100 9986 200 22 93
101 10086 200 22 93
102 10186 200 22 94
103 10288 200 22 93
104 10389 200 22 93
105 10489 200 22 94
106 10589 200 22 94
107 10691 200 22 96
108 10791 200 22 3272
110 10993 200 22 3440
112 11196 200 22 4311
109 10893 200 22 5331
111 11095 200 22 6220
113 11298 200 22 7572
114 11398 200 22 7953
115 11500 200 22 8930
117 11701 200 22 9934
116 11601 200 22 10755
118 11803 200 22 11506
119 11904 200 22 11889
120 12004 200 22 13834
121 12106 200 22 13851
122 12207 200 22 15546
124 12408 200 22 15703
123 12307 200 22 16166
126 12611 200 22 17421
125 12509 200 22 18962
128 12814 200 22 19267
127 12712 200 22 20447
129 12914 200 22 21438
130 13016 200 22 22540
131 13117 200 22 23638
132 13218 200 22 24017
133 13319 200 22 25124
134 13421 200 22 25377
135 13522 200 22 26361
136 13623 200 22 27938
137 13724 200 22 27841
139 13925 200 22 29313
138 13824 200 22 30258
140 14025 200 22 30654
142 14227 200 22 31292
141 14126 200 22 32354
143 14327 200 22 33719
144 14429 200 22 35414
145 14529 200 22 35315
146 14630 200 22 36174
147 14730 200 22 36195
148 14831 200 22 37534
149 14931 200 22 39001
150 15032 200 22 40333
151 15132 200 22 40954
152 15233 200 22 40980
153 15333 200 22 42915
154 15433 200 22 42935
155 15535 200 22 44275
156 15635 200 22 45381
157 15736 200 22 45874
158 15836 200 22 47693
159 15937 200 22 48205
160 16037 200 22 48112
162 16238 200 22 48864
161 16138 200 22 50170
163 16338 200 22 51415
166 16640 200 22 52910
165 16539 200 22 53484
167 16740 200 22 53292
164 16439 200 22 54068
168 16841 200 22 56185
170 17043 200 22 56948
169 16941 200 22 57889
172 17244 200 22 57591
171 17143 200 22 58170
173 17344 200 22 60856
174 17446 200 22 61478
175 17546 200 22 61851
176 17648 200 22 62234
177 17749 200 22 63935
180 18051 200 22 65794
178 17849 200 22 66118
179 17951 200 22 66255
181 18153 200 22 66768
182 18253 200 22 67875
184 18455 200 22 70549
186 18658 200 22 70584
185 18557 200 22 71049
183 18355 200 22 71367
187 18759 200 22 72402
189 18960 200 22 74605
190 19060 200 22 74987
188 18860 200 22 76022
191 19162 200 22 76086
192 19263 200 22 76820
193 19364 200 22 78644
194 19464 200 22 79978
195 19566 200 22 80599
196 19666 200 22 81100
197 19768 200 22 81125
198 19868 200 22 83181
199 19970 200 22 83915
201 20171 200 22 85035
200 20071 200 22 85978
203 20372 200 22 86041
202 20272 200 22 86875
204 20473 200 22 88715
206 20674 200 22 89356
205 20574 200 22 90050
207 20776 200 22 90566
208 20877 200 22 91068
211 21179 200 22 93292
209 20978 200 22 93494
210 21079 200 22 93748
213 21381 200 22 94884
212 21281 200 22 96193
215 21584 200 22 96728
214 21483 200 22 98504
216 21684 200 22 98424
217 21784 200 22 98809
218 21886 200 22 99550
219 21987 200 22 101963
220 22088 200 22 102341
222 22289 200 22 103709
223 22391 200 22 103957
221 22189 200 22 104159
224 22491 200 22 105905
225 22592 200 22 106287
228 22895 200 22 106819
227 22793 200 22 108964
226 22693 200 22 109659
229 22996 200 22 109842
230 23096 200 22 110815
231 23197 200 22 110843
232 23297 200 22 113734
234 23500 200 22 113654
233 23398 200 22 114600
235 23601 200 22 114519
236 23701 200 22 115976
239 24004 200 22 117955
237 23802 200 22 118403
238 23902 200 22 118778
241 24206 200 22 119315
240 24104 200 22 119777
242 24307 200 22 122934
243 24408 200 22 123311
245 24609 200 22 123115
244 24509 200 22 123812
246 24710 200 22 124094
247 24810 200 22 125678
248 24912 200 22 127145
250 25113 200 22 128027
251 25215 200 22 128524
249 25013 200 22 129328
252 25316 200 22 130452
254 25518 200 22 131703
253 25417 200 22 132036
256 25719 200 22 132102
255 25618 200 22 133042
257 25819 200 22 134877
260 26124 200 22 136135
258 25921 200 22 137055
259 26023 200 22 137313
261 26225 200 22 137710
263 26426 200 22 140276
265 26628 200 22 140196
262 26326 200 22 140732
264 26527 200 22 140772
266 26730 200 22 142734
268 26931 200 22 143367
270 27134 200 22 145094
267 26831 200 22 145748
269 27033 200 22 145806
271 27234 200 22 145739
274 27537 200 22 145539
273 27437 200 22 145691
275 27639 200 22 145561
272 27336 200 22 146052
276 27741 200 22 145651
277 27842 200 22 145683
278 27943 200 22 145649
279 28045 200 22 145635
280 28147 200 22 145717
281 28248 200 22 145618
282 28349 200 22 145639
283 28450 200 22 145603
284 28551 200 22 145593
285 28653 200 22 145676
286 28754 200 22 145576
287 28855 200 22 145601
288 28955 200 22 145569
289 29057 200 22 145555
291 29261 200 22 145531
290 29159 200 22 145635
292 29362 200 22 145555
293 29463 200 22 145517
294 29564 200 22 145504
296 29767 200 22 145493
295 29665 200 22 145619
297 29868 200 22 145516
298 29969 200 22 145475
299 30069 200 22 145455
300 30171 200 22 145545
301 30273 200 22 145463
302 30374 200 22 145458
303 30475 200 22 145429
304 30575 200 22 145425
305 30677 200 22 145495
306 30778 200 22 145439
307 30878 200 22 145422
308 30979 200 22 145385
309 31079 200 22 145381
310 31180 200 22 145445
311 31280 200 22 145392
312 31381 200 22 145375
313 31481 200 22 145339
314 31582 200 22 145363
315 31682 200 22 145406
316 31783 200 22 145349
317 31883 200 22 145334
318 31984 200 22 145297
319 32084 200 22 145326
320 32184 200 22 145377
321 32286 200 22 145314
322 32387 200 22 145298
323 32487 200 22 145262
324 32588 200 22 145289
325 32689 200 22 145328
326 32789 200 22 145267
327 32891 200 22 145249
328 32992 200 22 145205
329 33092 200 22 145237
330 33194 200 22 145299
331 33294 200 22 145242
332 33396 200 22 145208
333 33496 200 22 145164
334 33598 200 22 145191
335 33699 200 22 145250
336 33799 200 22 145189
337 33900 200 22 145161
338 34001 200 22 145108
339 34102 200 22 145163
340 34202 200 22 145203
341 34303 200 22 145137
342 34404 200 22 145130
343 34504 200 22 145064
344 34605 200 22 145116
345 34705 200 22 145171
346 34807 200 22 145105
347 34907 200 22 145077
348 35009 200 22 145009
349 35110 200 22 145063
350 35210 200 22 145153
351 35311 200 22 145057
352 35411 200 22 145050
353 35513 200 22 144967
354 35614 200 22 145043
355 35714 200 22 145123
356 35816 200 22 145022
357 35917 200 22 145008
358 36017 200 22 144931
359 36118 200 22 145007
361 36319 200 22 144975
360 36218 200 22 145089
362 36419 200 22 144962
363 36520 200 22 144876
364 36620 200 22 144961
366 36822 200 22 144959
365 36722 200 22 145060
367 36924 200 22 144928
368 37024 200 22 144832
369 37126 200 22 144923
371 37327 200 22 144911
370 37227 200 22 145024
372 37427 200 22 144878
373 37529 200 22 144783
374 37630 200 22 144879
376 37831 200 22 144886
375 37730 200 22 144988
377 37931 200 22 144832
378 38031 200 22 144737
379 38133 200 22 144832
380 38234 200 22 144943
381 38335 200 22 144865
383 38536 200 22 144693
382 38436 200 22 144795
384 38638 200 22 144791
385 38739 200 22 144902
386 38840 200 22 144817
388 39041 200 22 144646
387 38940 200 22 144756
389 39141 200 22 144752
390 39242 200 22 144863
391 39342 200 22 144770
392 39444 200 22 144701
393 39544 200 22 144613
394 39646 200 22 144705
395 39747 200 22 144813
396 39847 200 22 144714
398 40048 200 22 144562
397 39948 200 22 144676
399 40149 200 22 144656
400 40249 200 22 144760
401 40350 200 22 144660
403 40552 200 22 144526
402 40450 200 22 144640
404 40652 200 22 144633
405 40754 200 22 144711
406 40854 200 22 144615
408 41061 200 22 144492
407 40956 200 22 144598
409 41161 200 22 144580
413 41563 200 22 145361
412 41463 200 22 145939
410 41262 200 22 146149
411 41362 200 22 146881
414 41663 200 22 147308
416 41865 200 22 149026
415 41765 200 22 150926
417 41967 200 22 151324
419 42168 200 22 151479
420 42269 200 22 152579
418 42068 200 22 152787
423 42572 200 22 154557
422 42471 200 22 155610
421 42369 200 22 155837
425 42774 200 22 157112
424 42672 200 22 157685
426 42875 200 22 160009
428 43076 200 22 160408
429 43176 200 22 160664
430 43277 200 22 161047
427 42975 200 22 161350
433 43578 200 22 163749
431 43377 200 22 164902
432 43478 200 22 164810
435 43780 200 22 166541
434 43680 200 22 167599
436 43882 200 22 167884
438 44084 200 22 168758
437 43982 200 22 169338
439 44184 200 22 170946
440 44285 200 22 172759
442 44486 200 22 173165
441 44385 200 22 173735
443 44586 200 22 173539
444 44687 200 22 174275
445 44787 200 22 176575
448 45089 200 22 176880
446 44888 200 22 177555
447 44988 200 22 178421
449 45189 200 22 178224
452 45491 200 22 180920
450 45290 200 22 181839
451 45390 200 22 182340
454 45692 200 22 183359
453 45591 200 22 184535
455 45792 200 22 184464
456 45893 200 22 185090
457 45993 200 22 185588
460 46295 200 22 188165
458 46094 200 22 188723
459 46194 200 22 188624
461 46395 200 22 189512
462 46496 200 22 189416
463 46597 200 22 191595
465 46798 200 22 192955
464 46697 200 22 194137
466 46898 200 22 194531
468 47099 200 22 194447
467 46999 200 22 194916
470 47301 200 22 197485
469 47199 200 22 197716
471 47401 200 22 198352
472 47503 200 22 199328
473 47604 200 22 199947
474 47704 200 22 202005
475 47805 200 22 202506
476 47906 200 22 203008
477 48006 200 22 203622
479 48208 200 22 204498
478 48108 200 22 204724
480 48308 200 22 206439
481 48410 200 22 207898
484 48713 200 22 208522
483 48612 200 22 209582
482 48512 200 22 209807
485 48813 200 22 210614
486 48914 200 22 213016
487 49014 200 22 213518
490 49316 200 22 213460
488 49115 200 22 213901
489 49215 200 22 214401
492 49516 200 22 217923
491 49416 200 22 218386
495 49819 200 22 218104
494 49718 200 22 218681
493 49618 200 22 218909
498 50120 200 22 222254
500 50321 200 22 222055
497 50020 200 22 222474
499 50221 200 22 222398
496 49919 200 22 223920
502 50522 200 22 226178
504 50723 200 22 226459
501 50422 200 22 226763
503 50623 200 22 227402
505 50824 200 22 227323
506 50924 200 22 230219
509 51227 200 22 231121
507 51026 200 22 232157
508 51127 200 22 232538
511 51428 200 22 232722
510 51328 200 22 232932
512 51529 200 22 234299
514 51730 200 22 236377
516 51931 200 22 237140
513 51629 200 22 237678
517 52031 200 22 238235
515 51830 200 22 239035
519 52234 200 22 240317
518 52133 200 22 241251
522 52537 200 22 242287
520 52335 200 22 243300
521 52436 200 22 243792
523 52637 200 22 244079
524 52739 200 22 245895
525 52839 200 22 245916
526 52941 200 22 247131
528 53143 200 22 247529
530 53348 200 22 249502
527 53041 200 22 249920
529 53244 200 22 249967
531 53448 200 22 251918
532 53550 200 22 252293
534 53752 200 22 252936
533 53651 200 22 254593
535 53852 200 22 254909
537 54054 200 22 256235
538 54155 200 22 256855
536 53953 200 22 257684
540 54356 200 22 258344
539 54255 200 22 260348
541 54456 200 22 260273
543 54659 200 22 260435
542 54558 200 22 261506
544 54760 200 22 263088
547 55062 200 22 263033
545 54861 200 22 264674
548 55163 200 22 265690
546 54961 200 22 266016
550 55364 200 22 267661
551 55464 200 22 268995
549 55263 200 22 269429
553 55668 200 22 269640
552 55567 200 22 270087
554 55768 200 22 272412
556 55969 200 22 273887
555 55869 200 22 274352
557 56071 200 22 274735
558 56172 200 22 274877
559 56272 200 22 275736
560 56374 200 22 277774
564 56776 200 22 278563
562 56575 200 22 279246
561 56475 200 22 279419
563 56676 200 22 279325
565 56877 200 22 279285
566 56978 200 22 279318
567 57078 200 22 279254
568 57180 200 22 279202
569 57281 200 22 279201
570 57381 200 22 279281
571 57482 200 22 279325
572 57582 200 22 279239
573 57684 200 22 279217
574 57785 200 22 279204
575 57885 200 22 279261
576 57986 200 22 279311
577 58086 200 22 279229
578 58188 200 22 279217
579 58288 200 22 279193
580 58390 200 22 279248
581 58490 200 22 279323
582 58591 200 22 279246
583 58691 200 22 279206
584 58793 200 22 279180
585 58893 200 22 279212
586 58995 200 22 279282
587 59096 200 22 279195
588 59197 200 22 279162
589 59298 200 22 279127
590 59398 200 22 279161
591 59499 200 22 279235
592 59599 200 22 279154
593 59700 200 22 279109
594 59801 200 22 279096
595 59901 200 22 279120
597 60103 200 22 279139
596 60002 200 22 279240
598 60204 200 22 279078
599 60305 200 22 279048
600 60406 200 22 279091
602 60607 200 22 279078
601 60506 200 22 279183
603 60707 200 22 279054
604 60809 200 22 278992
605 60910 200 22 279036
606 61011 200 22 279126
607 61111 200 22 279030
608 61212 200 22 279033
609 61313 200 22 278964
610 61414 200 22 279023
612 61616 200 22 278977
611 61515 200 22 279080
613 61716 200 22 278987
614 61818 200 22 278927
615 61918 200 22 278999
617 62121 200 22 278941
616 62020 200 22 279045
618 62222 200 22 278971
619 62323 200 22 278875
620 62423 200 22 279001
621 62524 200 22 278985
622 62625 200 22 278915
623 62725 200 22 278896
624 62826 200 22 278807
625 62926 200 22 278961
626 63028 200 22 278973
627 63128 200 22 278889
629 63331 200 22 278769
628 63230 200 22 278881
630 63431 200 22 278922
632 63632 200 22 278865
631 63532 200 22 278967
633 63733 200 22 278841
634 63834 200 22 278788
635 63934 200 22 278903
637 64135 200 22 278838
636 64035 200 22 278943
638 64236 200 22 278813
639 64336 200 22 278747
640 64438 200 22 278890
642 64640 200 22 278802
641 64538 200 22 278915
643 64741 200 22 278818
644 64841 200 22 278741
645 64942 200 22 278871
647 65142 200 22 278805
646 65042 200 22 278907
648 65243 200 22 278821
649 65343 200 22 278726
650 65445 200 22 278879
651 65546 200 22 278867
652 65646 200 22 278770
653 65747 200 22 278789
654 65847 200 22 278710
655 65948 200 22 278869
657 66150 200 22 278737
656 66048 200 22 278839
658 66251 200 22 278775
659 66351 200 22 278675
660 66451 200 22 278853
662 66655 200 22 278718
661 66553 200 22 278820
664 66856 200 22 278618
663 66756 200 22 278720
665 66957 200 22 278792
667 67159 200 22 278672
666 67057 200 22 278784
669 67361 200 22 278579
668 67259 200 22 278681
670 67461 200 22 278785
672 67664 200 22 278643
671 67563 200 22 278749
673 67764 200 22 278650
674 67865 200 22 278555
675 67965 200 22 278785
677 68166 200 22 278643
676 68066 200 22 278743
678 68267 200 22 278651
679 68367 200 22 278580
680 68469 200 22 278782
682 68671 200 22 278633
681 68569 200 22 278736
684 68872 200 22 278573
683 68772 200 22 278674
685 68973 200 22 278741
687 69175 200 22 278607
686 69073 200 22 278711
688 69276 200 22 279877
689 69376 200 22 280250
691 69577 200 22 281738
690 69476 200 22 282191
692 69677 200 22 282956
694 69878 200 22 283598
693 69778 200 22 285735
696 70080 200 22 286649
697 70181 200 22 287489
695 69980 200 22 287694
698 70281 200 22 287396
699 70383 200 22 289928
700 70483 200 22 290465
703 70787 200 22 291444
702 70687 200 22 292510
701 70585 200 22 293214
705 70990 200 22 293898
704 70889 200 22 295827
707 71191 200 22 296330
706 71090 200 22 296543
708 71291 200 22 297186
709 71392 200 22 297802
711 71594 200 22 300955
714 71896 200 22 300894
712 71695 200 22 301330
710 71492 200 22 301909
713 71796 200 22 302318
715 71997 200 22 305470
718 72299 200 22 305651
716 72097 200 22 306456
717 72198 200 22 306596
719 72400 200 22 307834
720 72501 200 22 309293
723 72804 200 22 309710
721 72602 200 22 310749
722 72702 200 22 311722
724 72905 200 22 312237
726 73106 200 22 313870
725 73005 200 22 314298
727 73207 200 22 315418
728 73308 200 22 317023
729 73409 200 22 318103
731 73612 200 22 318027
730 73510 200 22 318263
732 73714 200 22 319228
733 73815 200 22 321432
736 74118 200 22 322661
734 73916 200 22 323112
737 74219 200 22 323159
735 74016 200 22 323615
738 74320 200 22 326305
740 74524 200 22 326826
742 74728 200 22 326623
739 74422 200 22 328238
741 74626 200 22 328158
744 74929 200 22 330618
746 75132 200 22 331876
747 75234 200 22 331995
743 74829 200 22 332641
745 75030 200 22 332815
748 75334 200 22 334540
749 75435 200 22 335998
750 75537 200 22 337680
752 75739 200 22 337615
751 75638 200 22 338779
753 75840 200 22 339533
754 75941 200 22 339799
756 76143 200 22 341782
755 76042 200 22 342582
757 76245 200 22 343095
758 76347 200 22 343957
759 76449 200 22 344328
761 76651 200 22 345812
760 76550 200 22 347232
762 76752 200 22 347991
763 76852 200 22 348486
764 76953 200 22 348881
765 77053 200 22 350800
766 77155 200 22 351533
768 77356 200 22 352436
767 77256 200 22 353835
769 77458 200 22 354120
771 77660 200 22 355000
770 77558 200 22 357135
772 77761 200 22 358041
773 77862 200 22 358175
775 78062 200 22 359176
774 77962 200 22 359632
776 78162 200 22 361489
777 78264 200 22 363036
780 78567 200 22 363085
779 78466 200 22 363775
778 78365 200 22 364015
781 78669 200 22 365857
782 78770 200 22 366958
785 79073 200 22 367742
783 78871 200 22 368895
784 78971 200 22 369035
786 79174 200 22 370036
787 79274 200 22 372459
788 79376 200 22 372480
790 79578 200 22 372389
789 79476 200 22 374056
791 79680 200 22 375646
792 79782 200 22 376395
793 79883 200 22 376892
795 80087 200 22 377288
794 79985 200 22 377631
797 80290 200 22 379957
796 80189 200 22 380542
798 80390 200 22 380944
799 80492 200 22 382399
800 80593 200 22 383143
802 80795 200 22 383897
801 80694 200 22 384480
803 80896 200 22 385356
804 80997 200 22 386338
806 81199 200 22 388414
805 81097 200 22 388765
808 81400 200 22 389181
807 81300 200 22 390003
809 81502 200 22 391120
810 81604 200 22 392819
812 81806 200 22 393698
811 81705 200 22 394391
814 82008 200 22 394578
813 81906 200 22 395278
816 82209 200 22 397733
815 82109 200 22 398076
818 82410 200 22 398138
819 82512 200 22 399116
817 82310 200 22 400153
820 82613 200 22 401407
824 83016 200 22 403406
822 82814 200 22 403975
821 82714 200 22 404187
823 82915 200 22 404109
825 83117 200 22 405472
829 83529 200 22 407462
828 83419 200 22 407932
826 83218 200 22 408609
827 83319 200 22 408985
830 83629 200 22 409884
833 83933 200 22 411605
834 84035 200 22 412942
832 83832 200 22 413622
831 83731 200 22 413724
835 84136 200 22 414879
836 84237 200 22 417182
839 84540 200 22 417375
837 84338 200 22 419359
838 84438 200 22 419261
840 84641 200 22 419664
842 84843 200 22 420538
841 84742 200 22 421125
845 85144 200 22 423595
843 84943 200 22 425119
846 85245 200 22 424949
844 85044 200 22 425495
847 85345 200 22 425800
848 85447 200 22 426459
851 85749 200 22 426321
850 85649 200 22 426434
852 85851 200 22 426269
853 85951 200 22 426363
849 85547 200 22 426907
854 86053 200 22 426485
855 86153 200 22 426418
856 86254 200 22 426352
857 86354 200 22 426464
858 86455 200 22 426471
859 86555 200 22 426459
860 86656 200 22 426390
861 86756 200 22 426322
862 86857 200 22 426430
863 86957 200 22 426437
864 87058 200 22 426420
865 87158 200 22 426348
866 87259 200 22 426279
867 87359 200 22 426387
868 87460 200 22 426390
869 87560 200 22 426383
870 87661 200 22 426309
871 87761 200 22 426261
872 87862 200 22 426344
873 87962 200 22 426377
875 88163 200 22 426272
874 88063 200 22 426377
876 88264 200 22 426222
877 88364 200 22 426310
878 88466 200 22 426333
880 88668 200 22 426235
879 88566 200 22 426344
881 88768 200 22 426178
882 88870 200 22 426269
883 88970 200 22 426324
884 89072 200 22 426294
885 89172 200 22 426196
886 89273 200 22 426149
887 89373 200 22 426222
888 89474 200 22 426304
889 89574 200 22 426276
890 89675 200 22 426179
891 89775 200 22 426133
892 89876 200 22 426190
893 89976 200 22 426267
895 90177 200 22 426139
894 90077 200 22 426241
896 90278 200 22 426129
897 90378 200 22 426168
898 90479 200 22 426227
900 90680 200 22 426102
899 90579 200 22 426205
901 90780 200 22 426082
902 90881 200 22 426141
903 90981 200 22 426205
905 91183 200 22 426067
904 91083 200 22 426187
906 91284 200 22 426038
907 91384 200 22 426110
908 91485 200 22 426177
909 91585 200 22 426142
910 91687 200 22 426055
911 91787 200 22 426011
912 91889 200 22 426077
913 91989 200 22 426153
914 92091 200 22 426119
915 92192 200 22 426020
916 92292 200 22 425986
917 92393 200 22 426053
918 92493 200 22 426125
919 92594 200 22 426093
920 92694 200 22 425995
921 92795 200 22 425963
922 92895 200 22 426023
923 92996 200 22 426094
924 93096 200 22 426058
925 93197 200 22 425959
926 93297 200 22 425933
927 93398 200 22 426012
928 93498 200 22 426060
929 93600 200 22 426022
930 93700 200 22 425925
931 93802 200 22 425896
932 93903 200 22 425967
933 94003 200 22 426021
934 94104 200 22 425973
935 94204 200 22 425882
936 94305 200 22 425846
937 94405 200 22 425941
938 94507 200 22 425995
940 94708 200 22 425828
939 94607 200 22 425947
941 94808 200 22 425802
942 94909 200 22 425901
943 95010 200 22 425980
944 95111 200 22 425887
945 95211 200 22 425801
946 95312 200 22 425754
947 95412 200 22 425850
949 95613 200 22 425837
948 95513 200 22 425939
950 95714 200 22 425784
951 95814 200 22 425732
952 95915 200 22 425811
954 96116 200 22 425807
953 96015 200 22 425909
955 96218 200 22 425744
956 96318 200 22 425704
957 96419 200 22 425783
959 96622 200 22 425773
958 96519 200 22 425878
960 96724 200 22 425726
961 96824 200 22 425666
962 96926 200 22 425780
964 97128 200 22 425750
963 97026 200 22 425856
965 97228 200 22 425694
966 97330 200 22 425640
967 97430 200 22 425760
969 97632 200 22 425712
968 97532 200 22 425818
970 97734 200 22 425653
971 97834 200 22 425604
972 97936 200 22 425734
973 98037 200 22 425789
974 98137 200 22 425693
975 98239 200 22 425619
976 98339 200 22 425575
977 98441 200 22 425701
979 98643 200 22 425651
978 98541 200 22 425755
980 98743 200 22 425579
981 98845 200 22 425529
982 98946 200 22 425660
983 99046 200 22 425706
984 99147 200 22 425607
985 99247 200 22 425531
986 99348 200 22 425490
987 99448 200 22 425646
989 99650 200 22 425564
988 99548 200 22 425668
990 99751 200 22 425492
991 99851 200 22 425475
992 99952 200 22 425594
993 100053 200 22 425614
994 100153 200 22 425524
995 100254 200 22 425437
996 100354 200 22 425428
997 100455 200 22 425572
999 100656 200 22 425490
998 100555 200 22 425595
1000 100756 200 22 425398
1001 100858 200 22 425384
1002 100960 200 22 425530
1003 101060 200 22 425550
1004 101162 200 22 425452
1005 101263 200 22 425354
1006 101364 200 22 425350
1007 101465 200 22 425501
1009 101666 200 22 425414
1008 101565 200 22 425521
1010 101766 200 22 425322
1011 101868 200 22 425306
1012 101969 200 22 425457
1013 102069 200 22 425471
1015 102271 200 22 425279
1014 102170 200 22 425382
1016 102371 200 22 425255
1017 102473 200 22 425401
1018 102574 200 22 425453
1019 102674 200 22 425356
1020 102776 200 22 425258
1021 102877 200 22 425225
1022 102977 200 22 425377
1023 103079 200 22 425415
1025 103280 200 22 425218
1024 103180 200 22 425320
1026 103381 200 22 425173
1027 103481 200 22 425329
1030 103784 200 22 425179
1029 103682 200 22 425305
1028 103582 200 22 425411
1031 103885 200 22 425137
1032 103985 200 22 425293
1033 104085 200 22 425345
1034 104187 200 22 425263
1035 104288 200 22 425164
1036 104388 200 22 425096
1037 104490 200 22 425249
1038 104590 200 22 425308
1040 104793 200 22 425121
1039 104692 200 22 425240
1041 104893 200 22 425052
1042 104994 200 22 425217
1043 105095 200 22 425275
1045 105297 200 22 425101
1044 105196 200 22 425204
1046 105398 200 22 425004
1047 105498 200 22 425178
1049 105700 200 22 425311
1048 105600 200 22 425649
1050 105802 200 22 425568
1051 105903 200 22 425468
1052 106003 200 22 427888
1054 106204 200 22 428048
1055 106305 200 22 430105
1053 106104 200 22 430421
1056 106405 200 22 430964
1058 106607 200 22 431965
1057 106507 200 22 432668
1059 106709 200 22 434615
1060 106810 200 22 434634
1061 106910 200 22 435374
1062 107011 200 22 435517
1063 107111 200 22 436983
1064 107212 200 22 439154
1065 107313 200 22 439539
1067 107515 200 22 439698
1066 107413 200 22 440754
1068 107615 200 22 441278
1070 107818 200 22 442394
1071 107918 200 22 444332
1073 108119 200 22 444737
1069 107717 200 22 445494
1074 108220 200 22 446312
1072 108019 200 22 446991
1077 108521 200 22 448657
1076 108421 200 22 449833
1075 108320 200 22 450774
1078 108623 200 22 451912
1080 108825 200 22 451830
1079 108724 200 22 453247
1082 109026 200 22 454511
1081 108926 200 22 455330
